f has length 48, g has length: 70
The 0th variable of f is a.
The 1th variable of f is b.
The 2th variable of f is c.
The 3th variable of f is a.
The 4th variable of f is b.
The 5th variable of f is c.
The 6th variable of f is b.
The 7th variable of f is c.
The 8th variable of f is a.
The 9th variable of f is c.
The 10th variable of f is a.
The 11th variable of f is b.
The 12th variable of f is c.
The 13th Subterm of f is b+c.
The 14th Subterm of f is a+b+c.
The 15th subterm of f is b*c.
The 16th subterm of f is a+(b*c).
The 17th subterm of f is a*(b+c).
The 18th subterm of f is c*(a+b+c).
The 19th subterm of f is (a+(b*c))*(a*(b+c)).
The 20th subterm of f is a*(c*(a+b+c)).
The 21th Subterm of f is (a+(b*c))*(a*(b+c))+b.
The 22th subterm of f is c+(a*(c*(a+b+c))).
The 23th subterm of f is ((a+(b*c))*(a*(b+c))+b)*(c+(a*(c*(a+b+c)))).
The 0th variable of g is a.
The 1th variable of g is c.
The 2th variable of g is b.
The 3th variable of g is a.
The 4th variable of g is a.
The 5th variable of g is b.
The 6th variable of g is b.
The 7th variable of g is c.
The 8th variable of g is a.
The 9th variable of g is b.
The 10th variable of g is c.
The 11th variable of g is a.
The 12th variable of g is c.
The 13th variable of g is a.
The 14th variable of g is b.
The 15th variable of g is c.
The 16th variable of g is b.
The 17th variable of g is c.
The 18th subterm of g is b+a.
The 19th subterm of g is a+b.
The 20th subterm of g is b+c.
The 21th subterm of g is b+c.
The 22th subterm of g is b*c.
The 23th subterm of g is a+(b*c).
The 24th subterm of g is c*(b+a).
The 25th subterm of g is (b+c)*a.
The 26th subterm of g is a+(c*(b+a)).
The 27th subterm of g is (a+b)*((b+c)*a).
The 28th subterm of g is (a+(b*c))*(b+c).
The 29th subterm of g is (a+(c*(b+a)))*((a+b)*((b+c)*a)).
The 30th subterm of g is c*((a+(b*c))*(b+c)).
The 31th subterm of g is (a+(c*(b+a)))*((a+b)*((b+c)*a))+b.
The 32th subterm of g is a*(c*((a+(b*c))*(b+c))).
The 33th subterm of g is c+(a*(c*((a+(b*c))*(b+c)))).
The 34th subterm of g is ((a+(c*(b+a)))*((a+b)*((b+c)*a))+b)*(c+(a*(c*((a+(b*c))*(b+c))))).
1	0	0	1	0	0	0	0	1	0	1	0	0	0	1	0	1	0	0	0	0	0	0	0	1	0	0	1	1	0	0	0	1	0	0	1	0	1	0	0	0	0	1	1	0	0	0	1	0	0	1	0	0	0	0	0	0	0	0	
0	1	0	0	1	0	1	0	0	0	0	1	0	1	1	0	0	0	0	0	0	1	0	0	0	0	1	0	0	1	1	0	0	1	0	0	0	0	1	0	1	0	1	1	1	1	0	0	0	0	0	0	0	0	0	1	0	0	0	
0	0	1	0	0	1	0	1	0	1	0	0	1	1	1	0	0	0	1	0	0	0	1	0	0	1	0	0	0	0	0	1	0	0	1	0	1	0	0	1	0	1	0	0	1	1	0	0	0	0	0	0	0	0	0	0	0	1	0	
1	0	0	1	0	0	0	0	1	0	1	0	0	0	1	0	1	0	0	0	0	0	0	0	1	0	0	1	1	0	0	0	1	0	0	1	0	1	0	0	0	0	1	1	0	0	0	1	0	0	1	0	0	0	0	0	0	0	0	
0	1	0	0	1	0	1	0	0	0	0	1	0	1	1	0	0	0	0	0	0	1	0	0	0	0	1	0	0	1	1	0	0	1	0	0	0	0	1	0	1	0	1	1	1	1	0	0	0	0	0	0	0	0	0	1	0	0	0	
0	0	1	0	0	1	0	1	0	1	0	0	1	1	1	0	0	0	1	0	0	0	1	0	0	1	0	0	0	0	0	1	0	0	1	0	1	0	0	1	0	1	0	0	1	1	0	0	0	0	0	0	0	0	0	0	0	1	0	
0	1	0	0	1	0	1	0	0	0	0	1	0	1	1	0	0	0	0	0	0	1	0	0	0	0	1	0	0	1	1	0	0	1	0	0	0	0	1	0	1	0	1	1	1	1	0	0	0	0	0	0	0	0	0	1	0	0	0	
0	0	1	0	0	1	0	1	0	1	0	0	1	1	1	0	0	0	1	0	0	0	1	0	0	1	0	0	0	0	0	1	0	0	1	0	1	0	0	1	0	1	0	0	1	1	0	0	0	0	0	0	0	0	0	0	0	1	0	
1	0	0	1	0	0	0	0	1	0	1	0	0	0	1	0	1	0	0	0	0	0	0	0	1	0	0	1	1	0	0	0	1	0	0	1	0	1	0	0	0	0	1	1	0	0	0	1	0	0	1	0	0	0	0	0	0	0	0	
0	0	1	0	0	1	0	1	0	1	0	0	1	1	1	0	0	0	1	0	0	0	1	0	0	1	0	0	0	0	0	1	0	0	1	0	1	0	0	1	0	1	0	0	1	1	0	0	0	0	0	0	0	0	0	0	0	1	0	
1	0	0	1	0	0	0	0	1	0	1	0	0	0	1	0	1	0	0	0	0	0	0	0	1	0	0	1	1	0	0	0	1	0	0	1	0	1	0	0	0	0	1	1	0	0	0	1	0	0	1	0	0	0	0	0	0	0	0	
0	1	0	0	1	0	1	0	0	0	0	1	0	1	1	0	0	0	0	0	0	1	0	0	0	0	1	0	0	1	1	0	0	1	0	0	0	0	1	0	1	0	1	1	1	1	0	0	0	0	0	0	0	0	0	1	0	0	0	
0	0	1	0	0	1	0	1	0	1	0	0	1	1	1	0	0	0	1	0	0	0	1	0	0	1	0	0	0	0	0	1	0	0	1	0	1	0	0	1	0	1	0	0	1	1	0	0	0	0	0	0	0	0	0	0	0	1	0	
0	0	0	0	0	0	0	0	0	0	0	0	0	1	1	0	0	0	0	0	0	0	0	0	0	0	0	0	0	0	0	0	0	0	0	0	0	0	0	0	0	0	0	0	1	1	0	0	0	0	0	0	0	0	0	0	0	0	0	
0	0	0	0	0	0	0	0	0	0	0	0	0	0	1	0	0	0	0	0	0	0	0	0	0	0	0	0	0	0	0	0	0	0	0	0	0	0	0	0	0	0	0	0	0	0	0	0	0	0	0	0	0	0	0	0	0	0	0	
0	1	1	0	1	1	1	1	0	1	0	1	1	1	1	1	1	0	1	0	0	1	1	1	0	1	1	0	0	1	1	1	0	1	1	0	1	0	1	1	1	1	1	1	1	1	1	1	1	0	1	0	1	0	1	1	0	1	1	
0	0	0	0	0	0	0	0	0	0	0	0	0	0	1	0	1	0	0	0	0	0	0	0	0	0	0	0	0	0	0	0	0	0	0	0	0	0	0	0	0	0	1	1	0	0	0	1	0	0	1	0	0	0	0	0	0	0	0	
1	0	0	1	0	0	0	0	1	0	1	0	0	1	1	0	1	1	0	1	0	1	0	0	1	0	0	1	1	0	0	0	1	0	0	1	0	1	0	0	0	0	1	1	1	1	0	1	0	1	1	1	1	1	0	1	0	0	0	
0	0	1	0	0	1	0	1	0	1	0	0	1	1	1	0	0	0	1	0	0	0	1	0	0	1	0	0	0	0	0	1	0	0	1	0	1	0	0	1	0	1	0	0	1	1	0	0	0	0	0	0	0	0	0	0	0	1	0	
1	0	0	1	0	0	0	0	1	0	1	0	0	1	1	0	1	1	0	1	0	1	0	0	1	0	0	1	1	0	0	0	1	0	0	1	0	1	0	0	0	0	1	1	1	1	0	1	0	1	1	1	1	1	0	1	0	0	0	
1	0	1	1	0	1	0	1	1	1	1	0	1	1	1	0	1	1	1	1	1	1	1	1	1	1	0	1	1	0	0	1	1	0	1	1	1	1	0	1	0	1	1	1	1	1	0	1	1	1	1	1	1	1	1	1	1	1	1	
0	0	0	0	0	0	0	0	0	0	0	0	0	1	1	0	0	0	0	0	0	1	0	0	0	0	0	0	0	0	0	0	0	0	0	0	0	0	0	0	0	0	1	1	1	1	0	0	0	0	0	0	0	0	0	1	0	0	0	
0	0	1	0	0	1	0	1	0	1	0	0	1	1	1	0	0	0	1	0	0	0	1	0	0	1	0	0	0	0	0	1	0	0	1	0	1	0	0	1	0	1	0	0	1	1	0	0	0	0	0	0	0	0	0	0	0	1	0	
0	0	1	0	0	1	0	1	0	1	0	0	1	1	1	0	0	0	1	0	0	1	1	1	0	1	0	0	0	0	0	1	0	0	1	0	1	0	0	1	0	1	1	1	1	1	0	0	1	0	1	0	0	0	0	1	0	1	1	
1	0	0	1	0	0	0	0	1	0	1	0	0	0	1	0	1	0	0	0	0	0	0	0	1	0	0	1	1	0	0	0	1	0	0	1	0	1	0	0	0	0	1	1	0	0	0	1	0	0	1	0	0	0	0	0	0	0	0	
0	0	1	0	0	1	0	1	0	1	0	0	1	1	1	0	0	0	1	0	0	0	1	0	0	1	0	0	0	0	0	1	0	0	1	0	1	0	0	1	0	1	0	0	1	1	0	0	0	0	0	0	0	0	0	0	0	1	0	
0	1	0	0	1	0	1	0	0	0	0	1	0	1	1	0	0	0	0	0	0	1	0	0	0	0	1	0	0	1	1	0	0	1	0	0	0	0	1	0	1	0	1	1	1	1	0	0	0	0	0	0	0	0	0	1	0	0	0	
1	0	0	1	0	0	0	0	1	0	1	0	0	0	1	0	1	0	0	0	0	0	0	0	1	0	0	1	1	0	0	0	1	0	0	1	0	1	0	0	0	0	1	1	0	0	0	1	0	0	1	0	0	0	0	0	0	0	0	
1	0	0	1	0	0	0	0	1	0	1	0	0	0	1	0	1	0	0	0	0	0	0	0	1	0	0	1	1	0	0	0	1	0	0	1	0	1	0	0	0	0	1	1	0	0	0	1	0	0	1	0	0	0	0	0	0	0	0	
0	1	0	0	1	0	1	0	0	0	0	1	0	1	1	0	0	0	0	0	0	1	0	0	0	0	1	0	0	1	1	0	0	1	0	0	0	0	1	0	1	0	1	1	1	1	0	0	0	0	0	0	0	0	0	1	0	0	0	
0	1	0	0	1	0	1	0	0	0	0	1	0	1	1	0	0	0	0	0	0	1	0	0	0	0	1	0	0	1	1	0	0	1	0	0	0	0	1	0	1	0	1	1	1	1	0	0	0	0	0	0	0	0	0	1	0	0	0	
0	0	1	0	0	1	0	1	0	1	0	0	1	1	1	0	0	0	1	0	0	0	1	0	0	1	0	0	0	0	0	1	0	0	1	0	1	0	0	1	0	1	0	0	1	1	0	0	0	0	0	0	0	0	0	0	0	1	0	
1	0	0	1	0	0	0	0	1	0	1	0	0	0	1	0	1	0	0	0	0	0	0	0	1	0	0	1	1	0	0	0	1	0	0	1	0	1	0	0	0	0	1	1	0	0	0	1	0	0	1	0	0	0	0	0	0	0	0	
0	1	0	0	1	0	1	0	0	0	0	1	0	1	1	0	0	0	0	0	0	1	0	0	0	0	1	0	0	1	1	0	0	1	0	0	0	0	1	0	1	0	1	1	1	1	0	0	0	0	0	0	0	0	0	1	0	0	0	
0	0	1	0	0	1	0	1	0	1	0	0	1	1	1	0	0	0	1	0	0	0	1	0	0	1	0	0	0	0	0	1	0	0	1	0	1	0	0	1	0	1	0	0	1	1	0	0	0	0	0	0	0	0	0	0	0	1	0	
1	0	0	1	0	0	0	0	1	0	1	0	0	0	1	0	1	0	0	0	0	0	0	0	1	0	0	1	1	0	0	0	1	0	0	1	0	1	0	0	0	0	1	1	0	0	0	1	0	0	1	0	0	0	0	0	0	0	0	
0	0	1	0	0	1	0	1	0	1	0	0	1	1	1	0	0	0	1	0	0	0	1	0	0	1	0	0	0	0	0	1	0	0	1	0	1	0	0	1	0	1	0	0	1	1	0	0	0	0	0	0	0	0	0	0	0	1	0	
1	0	0	1	0	0	0	0	1	0	1	0	0	0	1	0	1	0	0	0	0	0	0	0	1	0	0	1	1	0	0	0	1	0	0	1	0	1	0	0	0	0	1	1	0	0	0	1	0	0	1	0	0	0	0	0	0	0	0	
0	1	0	0	1	0	1	0	0	0	0	1	0	1	1	0	0	0	0	0	0	1	0	0	0	0	1	0	0	1	1	0	0	1	0	0	0	0	1	0	1	0	1	1	1	1	0	0	0	0	0	0	0	0	0	1	0	0	0	
0	0	1	0	0	1	0	1	0	1	0	0	1	1	1	0	0	0	1	0	0	0	1	0	0	1	0	0	0	0	0	1	0	0	1	0	1	0	0	1	0	1	0	0	1	1	0	0	0	0	0	0	0	0	0	0	0	1	0	
0	1	0	0	1	0	1	0	0	0	0	1	0	1	1	0	0	0	0	0	0	1	0	0	0	0	1	0	0	1	1	0	0	1	0	0	0	0	1	0	1	0	1	1	1	1	0	0	0	0	0	0	0	0	0	1	0	0	0	
0	0	1	0	0	1	0	1	0	1	0	0	1	1	1	0	0	0	1	0	0	0	1	0	0	1	0	0	0	0	0	1	0	0	1	0	1	0	0	1	0	1	0	0	1	1	0	0	0	0	0	0	0	0	0	0	0	1	0	
0	0	0	0	0	0	0	0	0	0	0	0	0	0	1	0	0	0	0	0	0	0	0	0	0	0	0	0	0	0	0	0	0	0	0	0	0	0	0	0	0	0	1	1	0	0	0	0	0	0	0	0	0	0	0	0	0	0	0	
0	0	0	0	0	0	0	0	0	0	0	0	0	0	1	0	0	0	0	0	0	0	0	0	0	0	0	0	0	0	0	0	0	0	0	0	0	0	0	0	0	0	1	1	0	0	0	0	0	0	0	0	0	0	0	0	0	0	0	
0	0	0	0	0	0	0	0	0	0	0	0	0	1	1	0	0	0	0	0	0	0	0	0	0	0	0	0	0	0	0	0	0	0	0	0	0	0	0	0	0	0	0	0	1	1	0	0	0	0	0	0	0	0	0	0	0	0	0	
0	0	0	0	0	0	0	0	0	0	0	0	0	1	1	0	0	0	0	0	0	0	0	0	0	0	0	0	0	0	0	0	0	0	0	0	0	0	0	0	0	0	0	0	1	1	0	0	0	0	0	0	0	0	0	0	0	0	0	
0	1	1	0	1	1	1	1	0	1	0	1	1	1	1	1	1	0	1	0	0	1	1	1	0	1	1	0	0	1	1	1	0	1	1	0	1	0	1	1	1	1	1	1	1	1	1	1	1	0	1	0	1	0	1	1	0	1	1	
0	0	0	0	0	0	0	0	0	0	0	0	0	0	1	0	1	0	0	0	0	0	0	0	0	0	0	0	0	0	0	0	0	0	0	0	0	0	0	0	0	0	1	1	0	0	0	1	0	0	1	0	0	0	0	0	0	0	0	
0	0	1	0	0	1	0	1	0	1	0	0	1	1	1	0	0	0	1	0	0	0	1	0	0	1	0	0	0	0	0	1	0	0	1	0	1	0	0	1	0	1	1	1	1	1	0	0	1	0	1	0	0	0	0	0	0	1	0	
1	0	0	1	0	0	0	0	1	0	1	0	0	1	1	0	1	1	0	1	0	1	0	0	1	0	0	1	1	0	0	0	1	0	0	1	0	1	0	0	0	0	1	1	1	1	0	1	0	1	1	1	1	1	0	1	0	0	0	
0	0	0	0	0	0	0	0	0	0	0	0	0	0	1	0	0	0	0	0	0	0	0	0	0	0	0	0	0	0	0	0	0	0	0	0	0	0	0	0	0	0	1	1	0	0	0	0	0	0	1	0	0	0	0	0	0	0	0	
1	0	0	1	0	0	0	0	1	0	1	0	0	1	1	0	1	1	0	1	0	1	0	0	1	0	0	1	1	0	0	0	1	0	0	1	0	1	0	0	0	0	1	1	1	1	0	1	0	1	1	1	1	1	0	1	0	0	0	
0	0	0	0	0	0	0	0	0	0	0	0	0	1	1	0	1	0	0	0	0	0	0	0	0	0	0	0	0	0	0	0	0	0	0	0	0	0	0	0	0	0	1	1	1	1	0	1	0	0	1	0	1	0	0	0	0	0	0	
1	0	0	1	0	0	0	0	1	0	1	0	0	1	1	0	1	1	0	1	0	1	0	0	1	0	0	1	1	0	0	0	1	0	0	1	0	1	0	0	0	0	1	1	1	1	0	1	0	1	1	1	1	1	0	1	0	0	0	
0	0	1	0	0	1	0	1	0	1	0	0	1	1	1	0	1	0	1	0	0	0	1	0	0	1	0	0	0	0	0	1	0	0	1	0	1	0	0	1	0	1	1	1	1	1	0	1	1	0	1	0	1	0	1	0	0	1	0	
0	0	0	0	0	0	0	0	0	0	0	0	0	1	1	0	0	0	0	0	0	1	0	0	0	0	0	0	0	0	0	0	0	0	0	0	0	0	0	0	0	0	1	1	1	1	0	0	0	0	0	0	0	0	0	1	0	0	0	
1	0	1	1	0	1	0	1	1	1	1	0	1	1	1	0	1	1	1	1	1	1	1	1	1	1	0	1	1	0	0	1	1	0	1	1	1	1	0	1	0	1	1	1	1	1	0	1	1	1	1	1	1	1	1	1	1	1	1	
0	0	1	0	0	1	0	1	0	1	0	0	1	1	1	0	0	0	1	0	0	0	1	0	0	1	0	0	0	0	0	1	0	0	1	0	1	0	0	1	0	1	0	0	1	1	0	0	0	0	0	0	0	0	0	0	0	1	0	
0	0	1	0	0	1	0	1	0	1	0	0	1	1	1	0	0	0	1	0	0	1	1	1	0	1	0	0	0	0	0	1	0	0	1	0	1	0	0	1	0	1	1	1	1	1	0	0	1	0	1	0	0	0	0	1	0	1	1	
f<=g is true in the free lattice. because 
